*CLIMATE : ANYWHERE
@ INSI      LAT     LONG  ELEV   TAV   AMP  SRAY  TMXY  TMNY  RAIY
  0000  0012.70  -16.590   -99   -99   -99   -99   -99   -99   -99
@START  DURN  ANGA  ANGB REFHT WNDHT SOURCE
     0     0  0.25  0.50  0.00  0.00 Calculated_from_daily_data
@ GSST GSDU
    0   365

*MONTHLY AVERAGES
@MONTH  SAMN  XAMN  NAMN  RTOT  RNUM  SHMN
     1 -99.0  32.2  15.4   0.0 -99.0 -99.0
     2 -99.0  33.9  16.3   0.0 -99.0 -99.0
     3 -99.0  35.2  18.0   0.0 -99.0 -99.0
     4 -99.0  34.8  19.2   0.0 -99.0 -99.0
     5 -99.0  33.7  21.2   4.0 -99.0 -99.0
     6 -99.0  32.3  22.8  78.0 -99.0 -99.0
     7 -99.0  30.7  23.3 283.0 -99.0 -99.0
     8 -99.0  30.0  22.9 420.0 -99.0 -99.0
     9 -99.0  30.8  22.7 288.0 -99.0 -99.0
    10 -99.0  32.2  22.5  89.0 -99.0 -99.0
    11 -99.0  33.1  20.2   4.0 -99.0 -99.0
    12 -99.0  31.6  16.5   1.0 -99.0 -99.0
